
----------------------------------
Friedman (Gen): FriedmanchisquareResult(statistic=2382.8895831745767, pvalue=0.0)
+----------------+----------------+------------------+-----------------+-------------+---------------+---------------+---------------+---------------+------------------+------------------+-----------------+-----------------+-------------+-------------+-------------+
|                |  coevol_uo_40  |  coevol_uo_d_30  |  coevol_uo2_50  |     ifs     |  nsga3_doc_p  |  nsga3_doc_d  |  nsga2_doc_p  |  nsga2_doc_d  |  nsga2_dof_wh_3  |  nsga3_dof_wh_3  |  nsga2_dof_w_3  |  nsga3_dof_w_3  |  nsga2_all  |     gp      |  cov_ht_bp  |
+================+================+==================+=================+=============+===============+===============+===============+===============+==================+==================+=================+=================+=============+=============+=============+
|  coevol_uo_40  |       1        |     0.14387      |    0.112636     | 7.58393e-13 |  2.22045e-16  |  2.22045e-16  |  2.22045e-16  |  2.22045e-16  |   2.22045e-16    |   2.22045e-16    |   2.22045e-16   |   2.22045e-16   | 2.22045e-16 | 2.22045e-16 | 2.22045e-16 |
+----------------+----------------+------------------+-----------------+-------------+---------------+---------------+---------------+---------------+------------------+------------------+-----------------+-----------------+-------------+-------------+-------------+
| coevol_uo_d_30 |    0.14387     |        1         |        1        | 0.00019688  |  2.22045e-16  |  2.22045e-16  |  2.22045e-16  |  2.22045e-16  |   2.22045e-16    |   2.22045e-16    |   2.22045e-16   |   2.22045e-16   | 2.22045e-16 | 2.22045e-16 | 2.22045e-16 |
+----------------+----------------+------------------+-----------------+-------------+---------------+---------------+---------------+---------------+------------------+------------------+-----------------+-----------------+-------------+-------------+-------------+
| coevol_uo2_50  |    0.112636    |        1         |        1        | 0.000306391 |  2.22045e-16  |  2.22045e-16  |  2.22045e-16  |  2.22045e-16  |   2.22045e-16    |   2.22045e-16    |   2.22045e-16   |   2.22045e-16   | 2.22045e-16 | 2.22045e-16 | 2.22045e-16 |
+----------------+----------------+------------------+-----------------+-------------+---------------+---------------+---------------+---------------+------------------+------------------+-----------------+-----------------+-------------+-------------+-------------+
|      ifs       |  7.58393e-13   |    0.00019688    |   0.000306391   |      1      |  0.000409335  |  0.00019688   |  2.02452e-05  |  2.79643e-07  |   2.22045e-16    |   2.22045e-16    |   2.22045e-16   |   2.22045e-16   | 2.22045e-16 | 2.22045e-16 | 2.22045e-16 |
+----------------+----------------+------------------+-----------------+-------------+---------------+---------------+---------------+---------------+------------------+------------------+-----------------+-----------------+-------------+-------------+-------------+
|  nsga3_doc_p   |  2.22045e-16   |   2.22045e-16    |   2.22045e-16   | 0.000409335 |       1       |       1       |   0.999999    |   0.991354    |   2.71871e-09    |   8.21905e-10    |   3.82173e-10   |   1.04639e-12   | 4.86105e-10 | 1.13387e-12 | 2.22045e-16 |
+----------------+----------------+------------------+-----------------+-------------+---------------+---------------+---------------+---------------+------------------+------------------+-----------------+-----------------+-------------+-------------+-------------+
|  nsga3_doc_d   |  2.22045e-16   |   2.22045e-16    |   2.22045e-16   | 0.00019688  |       1       |       1       |       1       |   0.997462    |   7.62218e-09    |   2.36543e-09    |   1.11809e-09   |   3.44758e-12   | 1.41488e-09 | 3.72979e-12 | 2.22045e-16 |
+----------------+----------------+------------------+-----------------+-------------+---------------+---------------+---------------+---------------+------------------+------------------+-----------------+-----------------+-------------+-------------+-------------+
|  nsga2_doc_p   |  2.22045e-16   |   2.22045e-16    |   2.22045e-16   | 2.02452e-05 |   0.999999    |       1       |       1       |   0.999989    |   1.34328e-07    |   4.49988e-08    |   2.23136e-08   |   9.72926e-11   | 2.78172e-08 | 1.04786e-10 | 2.22045e-16 |
+----------------+----------------+------------------+-----------------+-------------+---------------+---------------+---------------+---------------+------------------+------------------+-----------------+-----------------+-------------+-------------+-------------+
|  nsga2_doc_d   |  2.22045e-16   |   2.22045e-16    |   2.22045e-16   | 2.79643e-07 |   0.991354    |   0.997462    |   0.999989    |       1       |   1.06424e-05    |   4.06212e-06    |   2.18521e-06   |   1.71009e-08   | 2.65581e-06 | 1.82799e-08 | 3.79696e-14 |
+----------------+----------------+------------------+-----------------+-------------+---------------+---------------+---------------+---------------+------------------+------------------+-----------------+-----------------+-------------+-------------+-------------+
| nsga2_dof_wh_3 |  2.22045e-16   |   2.22045e-16    |   2.22045e-16   | 2.22045e-16 |  2.71871e-09  |  7.62218e-09  |  1.34328e-07  |  1.06424e-05  |        1         |        1         |        1        |    0.999218     |      1      |  0.999298   |  0.230266   |
+----------------+----------------+------------------+-----------------+-------------+---------------+---------------+---------------+---------------+------------------+------------------+-----------------+-----------------+-------------+-------------+-------------+
| nsga3_dof_wh_3 |  2.22045e-16   |   2.22045e-16    |   2.22045e-16   | 2.22045e-16 |  8.21905e-10  |  2.36543e-09  |  4.49988e-08  |  4.06212e-06  |        1         |        1         |        1        |    0.999899     |      1      |  0.999912   |  0.331721   |
+----------------+----------------+------------------+-----------------+-------------+---------------+---------------+---------------+---------------+------------------+------------------+-----------------+-----------------+-------------+-------------+-------------+
| nsga2_dof_w_3  |  2.22045e-16   |   2.22045e-16    |   2.22045e-16   | 2.22045e-16 |  3.82173e-10  |  1.11809e-09  |  2.23136e-08  |  2.18521e-06  |        1         |        1         |        1        |    0.999979     |      1      |  0.999982   |  0.405609   |
+----------------+----------------+------------------+-----------------+-------------+---------------+---------------+---------------+---------------+------------------+------------------+-----------------+-----------------+-------------+-------------+-------------+
| nsga3_dof_w_3  |  2.22045e-16   |   2.22045e-16    |   2.22045e-16   | 2.22045e-16 |  1.04639e-12  |  3.44758e-12  |  9.72926e-11  |  1.71009e-08  |     0.999218     |     0.999899     |    0.999979     |        1        |  0.999965   |      1      |  0.914268   |
+----------------+----------------+------------------+-----------------+-------------+---------------+---------------+---------------+---------------+------------------+------------------+-----------------+-----------------+-------------+-------------+-------------+
|   nsga2_all    |  2.22045e-16   |   2.22045e-16    |   2.22045e-16   | 2.22045e-16 |  4.86105e-10  |  1.41488e-09  |  2.78172e-08  |  2.65581e-06  |        1         |        1         |        1        |    0.999965     |      1      |   0.99997   |  0.381802   |
+----------------+----------------+------------------+-----------------+-------------+---------------+---------------+---------------+---------------+------------------+------------------+-----------------+-----------------+-------------+-------------+-------------+
|       gp       |  2.22045e-16   |   2.22045e-16    |   2.22045e-16   | 2.22045e-16 |  1.13387e-12  |  3.72979e-12  |  1.04786e-10  |  1.82799e-08  |     0.999298     |     0.999912     |    0.999982     |        1        |   0.99997   |      1      |  0.910566   |
+----------------+----------------+------------------+-----------------+-------------+---------------+---------------+---------------+---------------+------------------+------------------+-----------------+-----------------+-------------+-------------+-------------+
|   cov_ht_bp    |  2.22045e-16   |   2.22045e-16    |   2.22045e-16   | 2.22045e-16 |  2.22045e-16  |  2.22045e-16  |  2.22045e-16  |  3.79696e-14  |     0.230266     |     0.331721     |    0.405609     |    0.914268     |  0.381802   |  0.910566   |      1      |
+----------------+----------------+------------------+-----------------+-------------+---------------+---------------+---------------+---------------+------------------+------------------+-----------------+-----------------+-------------+-------------+-------------+

----------------------------------
Friedman (Err): FriedmanchisquareResult(statistic=1961.1857206918341, pvalue=0.0)
+----------------+----------------+------------------+-----------------+-------------+---------------+---------------+---------------+---------------+------------------+------------------+-----------------+-----------------+-------------+-------------+-------------+
|                |  coevol_uo_40  |  coevol_uo_d_30  |  coevol_uo2_50  |     ifs     |  nsga3_doc_p  |  nsga3_doc_d  |  nsga2_doc_p  |  nsga2_doc_d  |  nsga2_dof_wh_3  |  nsga3_dof_wh_3  |  nsga2_dof_w_3  |  nsga3_dof_w_3  |  nsga2_all  |     gp      |  cov_ht_bp  |
+================+================+==================+=================+=============+===============+===============+===============+===============+==================+==================+=================+=================+=============+=============+=============+
|  coevol_uo_40  |       1        |     0.966656     |   2.72121e-08   | 2.22045e-16 |  2.22045e-16  |  2.22045e-16  |  2.22045e-16  |  2.22045e-16  |   2.22045e-16    |   2.22045e-16    |   2.22045e-16   |   2.22045e-16   | 2.22045e-16 | 2.22045e-16 | 2.22045e-16 |
+----------------+----------------+------------------+-----------------+-------------+---------------+---------------+---------------+---------------+------------------+------------------+-----------------+-----------------+-------------+-------------+-------------+
| coevol_uo_d_30 |    0.966656    |        1         |   0.000193647   | 2.22045e-16 |  2.22045e-16  |  2.22045e-16  |  2.22045e-16  |  2.22045e-16  |   2.22045e-16    |   2.22045e-16    |   2.22045e-16   |   2.22045e-16   | 2.22045e-16 | 2.22045e-16 | 2.22045e-16 |
+----------------+----------------+------------------+-----------------+-------------+---------------+---------------+---------------+---------------+------------------+------------------+-----------------+-----------------+-------------+-------------+-------------+
| coevol_uo2_50  |  2.72121e-08   |   0.000193647    |        1        | 1.00994e-06 |  1.35368e-05  |  1.51161e-05  |  8.83242e-06  |  4.60667e-11  |   2.22045e-16    |   2.22045e-16    |   2.22045e-16   |   2.22045e-16   | 2.22045e-16 | 2.22045e-16 | 2.22045e-16 |
+----------------+----------------+------------------+-----------------+-------------+---------------+---------------+---------------+---------------+------------------+------------------+-----------------+-----------------+-------------+-------------+-------------+
|      ifs       |  2.22045e-16   |   2.22045e-16    |   1.00994e-06   |      1      |       1       |       1       |       1       |   0.975484    |   4.44089e-16    |   1.78228e-05    |   2.22045e-16   |   5.34239e-13   | 2.22045e-16 | 2.22045e-16 | 2.22045e-16 |
+----------------+----------------+------------------+-----------------+-------------+---------------+---------------+---------------+---------------+------------------+------------------+-----------------+-----------------+-------------+-------------+-------------+
|  nsga3_doc_p   |  2.22045e-16   |   2.22045e-16    |   1.35368e-05   |      1      |       1       |       1       |       1       |   0.818329    |   2.22045e-16    |   1.36185e-06    |   2.22045e-16   |   1.26565e-14   | 2.22045e-16 | 2.22045e-16 | 2.22045e-16 |
+----------------+----------------+------------------+-----------------+-------------+---------------+---------------+---------------+---------------+------------------+------------------+-----------------+-----------------+-------------+-------------+-------------+
|  nsga3_doc_d   |  2.22045e-16   |   2.22045e-16    |   1.51161e-05   |      1      |       1       |       1       |       1       |   0.806616    |   2.22045e-16    |   1.20874e-06    |   2.22045e-16   |   1.07692e-14   | 2.22045e-16 | 2.22045e-16 | 2.22045e-16 |
+----------------+----------------+------------------+-----------------+-------------+---------------+---------------+---------------+---------------+------------------+------------------+-----------------+-----------------+-------------+-------------+-------------+
|  nsga2_doc_p   |  2.22045e-16   |   2.22045e-16    |   8.83242e-06   |      1      |       1       |       1       |       1       |   0.859569    |   2.22045e-16    |   2.14287e-06    |   2.22045e-16   |   2.43139e-14   | 2.22045e-16 | 2.22045e-16 | 2.22045e-16 |
+----------------+----------------+------------------+-----------------+-------------+---------------+---------------+---------------+---------------+------------------+------------------+-----------------+-----------------+-------------+-------------+-------------+
|  nsga2_doc_d   |  2.22045e-16   |   2.22045e-16    |   4.60667e-11   |  0.975484   |   0.818329    |   0.806616    |   0.859569    |       1       |   5.48968e-11    |    0.0164554     |   4.84457e-12   |   2.78172e-08   | 1.87628e-14 | 4.44089e-16 | 2.22045e-16 |
+----------------+----------------+------------------+-----------------+-------------+---------------+---------------+---------------+---------------+------------------+------------------+-----------------+-----------------+-------------+-------------+-------------+
| nsga2_dof_wh_3 |  2.22045e-16   |   2.22045e-16    |   2.22045e-16   | 4.44089e-16 |  2.22045e-16  |  2.22045e-16  |  2.22045e-16  |  5.48968e-11  |        1         |    0.0350569     |        1        |    0.999895     |  0.999567   |  0.974492   |  0.922505   |
+----------------+----------------+------------------+-----------------+-------------+---------------+---------------+---------------+---------------+------------------+------------------+-----------------+-----------------+-------------+-------------+-------------+
| nsga3_dof_wh_3 |  2.22045e-16   |   2.22045e-16    |   2.22045e-16   | 1.78228e-05 |  1.36185e-06  |  1.20874e-06  |  2.14287e-06  |   0.0164554   |    0.0350569     |        1         |    0.0111474    |     0.37013     | 0.000607842 | 5.39796e-05 | 1.68724e-05 |
+----------------+----------------+------------------+-----------------+-------------+---------------+---------------+---------------+---------------+------------------+------------------+-----------------+-----------------+-------------+-------------+-------------+
| nsga2_dof_w_3  |  2.22045e-16   |   2.22045e-16    |   2.22045e-16   | 2.22045e-16 |  2.22045e-16  |  2.22045e-16  |  2.22045e-16  |  4.84457e-12  |        1         |    0.0111474     |        1        |    0.996691     |  0.999996   |  0.997538   |  0.986469   |
+----------------+----------------+------------------+-----------------+-------------+---------------+---------------+---------------+---------------+------------------+------------------+-----------------+-----------------+-------------+-------------+-------------+
| nsga3_dof_w_3  |  2.22045e-16   |   2.22045e-16    |   2.22045e-16   | 5.34239e-13 |  1.26565e-14  |  1.07692e-14  |  2.43139e-14  |  2.78172e-08  |     0.999895     |     0.37013      |    0.996691     |        1        |  0.844141   |  0.503014   |  0.345042   |
+----------------+----------------+------------------+-----------------+-------------+---------------+---------------+---------------+---------------+------------------+------------------+-----------------+-----------------+-------------+-------------+-------------+
|   nsga2_all    |  2.22045e-16   |   2.22045e-16    |   2.22045e-16   | 2.22045e-16 |  2.22045e-16  |  2.22045e-16  |  2.22045e-16  |  1.87628e-14  |     0.999567     |   0.000607842    |    0.999996     |    0.844141     |      1      |      1      |  0.999994   |
+----------------+----------------+------------------+-----------------+-------------+---------------+---------------+---------------+---------------+------------------+------------------+-----------------+-----------------+-------------+-------------+-------------+
|       gp       |  2.22045e-16   |   2.22045e-16    |   2.22045e-16   | 2.22045e-16 |  2.22045e-16  |  2.22045e-16  |  2.22045e-16  |  4.44089e-16  |     0.974492     |   5.39796e-05    |    0.997538     |    0.503014     |      1      |      1      |      1      |
+----------------+----------------+------------------+-----------------+-------------+---------------+---------------+---------------+---------------+------------------+------------------+-----------------+-----------------+-------------+-------------+-------------+
|   cov_ht_bp    |  2.22045e-16   |   2.22045e-16    |   2.22045e-16   | 2.22045e-16 |  2.22045e-16  |  2.22045e-16  |  2.22045e-16  |  2.22045e-16  |     0.922505     |   1.68724e-05    |    0.986469     |    0.345042     |  0.999994   |      1      |      1      |
+----------------+----------------+------------------+-----------------+-------------+---------------+---------------+---------------+---------------+------------------+------------------+-----------------+-----------------+-------------+-------------+-------------+
